ρの値＝1.2，重みベクトルｗ＝（-7.00，2.00)
学習パターン	識別関数g(x)	w0	w1
1.2		-4.60		-7.00	2.00
0.2		-5.11		-5.80	3.44
-0.2		-5.34		-4.60	3.68
-0.5		-5.12		-3.40	3.44
-1.0		-6.84		-3.40	3.44
-1.5		-8.56		-3.40	3.44
1.2		0.73		-3.40	3.44
0.2		-2.71		-3.40	3.44
-0.2		-2.94		-2.20	3.68
-0.5		-2.72		-1.00	3.44
-1.0		-4.44		-1.00	3.44
-1.5		-6.16		-1.00	3.44
1.2		3.13		-1.00	3.44
0.2		-0.31		-1.00	3.44
-0.2		-0.54		0.20	3.68
-0.5		-0.32		1.40	3.44
-1.0		-2.04		1.40	3.44
-1.5		-3.76		1.40	3.44
1.2		5.53		1.40	3.44
0.2		2.09		1.40	3.44
-0.2		0.71		1.40	3.44
-0.5		-0.32		1.40	3.44
-1.0		-2.04		1.40	3.44
-1.5		-3.76		1.40	3.44
重みベクトルｗ
w0	w1
-7.00	2.00
-5.80	3.44
-4.60	3.68
-3.40	3.44
-2.20	3.68
-1.00	3.44
0.20	3.68
1.40	3.44

ρの値＝2.0，重みベクトルｗ＝（11.00，5.00)
学習パターン	識別関数g(x)	w0	w1
1.2		17.00		11.00	5.00
0.2		12.00		11.00	5.00
-0.2		10.00		11.00	5.00
-0.5		8.50		11.00	5.00
-1.0		3.00		9.00	6.00
-1.5		-5.00		7.00	8.00
1.2		16.60		7.00	8.00
0.2		8.60		7.00	8.00
-0.2		5.40		7.00	8.00
-0.5		3.00		7.00	8.00
-1.0		-4.00		5.00	9.00
-1.5		-8.50		5.00	9.00
1.2		15.80		5.00	9.00
0.2		6.80		5.00	9.00
-0.2		3.20		5.00	9.00
-0.5		0.50		5.00	9.00
-1.0		-7.00		3.00	10.00
-1.5		-12.00		3.00	10.00
1.2		15.00		3.00	10.00
0.2		5.00		3.00	10.00
-0.2		1.00		3.00	10.00
-0.5		-2.00		3.00	10.00
-1.0		-7.00		3.00	10.00
-1.5		-12.00		3.00	10.00
重みベクトルｗ
w0	w1
11.00	5.00
9.00	6.00
7.00	8.00
5.00	9.00
3.00	10.00

ρの値＝3.6，重みベクトルｗ＝（-7.00，2.00)
学習パターン	識別関数g(x)	w0	w1
1.2		-4.60		-7.00	2.00
0.2		-2.14		-3.40	6.32
-0.2		-1.21		0.20	7.04
-0.5		0.64		3.80	6.32
-1.0		-7.92		0.20	8.12
-1.5		-11.98		0.20	8.12
1.2		9.94		0.20	8.12
0.2		1.82		0.20	8.12
-0.2		-1.42		0.20	8.12
-0.5		0.10		3.80	7.40
-1.0		-9.00		0.20	9.20
-1.5		-13.60		0.20	9.20
1.2		11.24		0.20	9.20
0.2		2.04		0.20	9.20
-0.2		-1.64		0.20	9.20
-0.5		-0.44		3.80	8.48
-1.0		-4.68		3.80	8.48
-1.5		-8.92		3.80	8.48
1.2		13.98		3.80	8.48
0.2		5.50		3.80	8.48
-0.2		2.10		3.80	8.48
-0.5		-0.44		3.80	8.48
-1.0		-4.68		3.80	8.48
-1.5		-8.92		3.80	8.48
重みベクトルｗ
w0	w1
-7.00	2.00
-3.40	6.32
0.20	7.04
3.80	6.32
0.20	8.12
3.80	7.40
0.20	9.20
3.80	8.48
